,mark,john,paul,luke,fish,bread,hunger,thirst,
mark,0.0000,0.2568,0.2607,0.2666,0.4824,0.5010,0.4990,0.5029,
john,0.2568,0.0000,0.2461,0.2598,0.4834,0.5039,0.4980,0.5039,
paul,0.2607,0.2461,0.0000,0.2363,0.4951,0.5156,0.4941,0.5195,
luke,0.2666,0.2598,0.2363,0.0000,0.4932,0.5000,0.4883,0.4941,
fish,0.4824,0.4834,0.4951,0.4932,0.0000,0.4834,0.5205,0.5146,
bread,0.5010,0.5039,0.5156,0.5000,0.4834,0.0000,0.5215,0.4727,
hunger,0.4990,0.4980,0.4941,0.4883,0.5205,0.5215,0.0000,0.3945,
thirst,0.5029,0.5039,0.5195,0.4941,0.5146,0.4727,0.3945,0.0000,
