,s1,s2,s3,s4,s5,s6,
s1,0.0000,0.9961,0.5918,0.9434,0.9902,0.9648,
s2,0.9961,0.0000,0.9980,0.9395,0.9355,0.9531,
s3,0.5918,0.9980,0.0000,1.0078,1.0625,1.0215,
s4,0.9434,0.9395,1.0078,0.0000,0.4883,0.6191,
s5,0.9902,0.9355,1.0625,0.4883,0.0000,0.4746,
s6,0.9648,0.9531,1.0215,0.6191,0.4746,0.0000,
