,mark,john,paul,luke,fish,bread,hunger,thirst,
mark,0.0000,0.3789,0.3608,0.3461,1.0186,1.0677,1.0562,1.0111,
john,0.3789,0.0000,0.3960,0.3697,0.9830,1.0541,1.0728,1.0629,
paul,0.3608,0.3960,0.0000,0.3237,1.0224,1.0951,1.0015,1.0518,
luke,0.3461,0.3697,0.3237,0.0000,1.0120,1.1317,1.0292,1.0380,
fish,1.0186,0.9830,1.0224,1.0120,0.0000,1.0299,1.0382,0.9559,
bread,1.0677,1.0541,1.0951,1.1317,1.0299,0.0000,1.0351,0.9971,
hunger,1.0562,1.0728,1.0015,1.0292,1.0382,1.0351,-0.0000,0.4899,
thirst,1.0111,1.0629,1.0518,1.0380,0.9559,0.9971,0.4899,0.0000,
