,mark,john,paul,luke,fish,bread,hunger,thirst,
mark,-0.0000,0.3523,0.3372,0.3101,1.0429,0.9809,0.9833,0.9617,
john,0.3523,0.0000,0.3404,0.3298,1.0366,0.9924,1.0135,0.9900,
paul,0.3372,0.3404,0.0000,0.3221,1.0621,1.0329,1.0091,0.9874,
luke,0.3101,0.3298,0.3221,0.0000,1.0445,1.0129,0.9797,0.9704,
fish,1.0429,1.0366,1.0621,1.0445,-0.0000,1.0655,0.9488,0.9346,
bread,0.9809,0.9924,1.0329,1.0129,1.0655,0.0000,1.0048,0.9933,
hunger,0.9833,1.0135,1.0091,0.9797,0.9488,1.0048,-0.0000,0.4861,
thirst,0.9617,0.9900,0.9874,0.9704,0.9346,0.9933,0.4861,0.0000,
