,mark,john,paul,luke,fish,bread,hunger,thirst,
mark,0.0000,0.4414,0.4766,0.4980,1.0215,1.0273,1.0371,1.0488,
john,0.4414,0.0000,0.4258,0.5098,0.9863,0.9883,1.0449,1.0410,
paul,0.4766,0.4258,0.0000,0.4551,1.0137,1.0000,1.0371,1.0215,
luke,0.4980,0.5098,0.4551,0.0000,1.0391,0.9707,1.0273,1.0117,
fish,1.0215,0.9863,1.0137,1.0391,0.0000,0.9395,0.9688,1.0078,
bread,1.0273,0.9883,1.0000,0.9707,0.9395,0.0000,0.9277,0.9824,
hunger,1.0371,1.0449,1.0371,1.0273,0.9688,0.9277,0.0000,0.7070,
thirst,1.0488,1.0410,1.0215,1.0117,1.0078,0.9824,0.7070,0.0000,
