,s1,s2,s3,s4,s5,s6,
s1,0.0000,0.5075,0.3038,0.4944,0.5156,0.5009,
s2,0.5075,0.0000,0.4996,0.5242,0.5209,0.5191,
s3,0.3038,0.4996,0.0000,0.4949,0.5009,0.5072,
s4,0.4944,0.5242,0.4949,0.0000,0.2729,0.3099,
s5,0.5156,0.5209,0.5009,0.2729,0.0000,0.3607,
s6,0.5009,0.5191,0.5072,0.3099,0.3607,0.0000,
