,mark,john,paul,luke,fish,bread,hunger,thirst,
mark,0.0000,0.2568,0.2607,0.2666,0.4824,0.5010,0.5059,0.5049,
john,0.2568,0.0000,0.2461,0.2598,0.4834,0.5039,0.5029,0.5078,
paul,0.2607,0.2461,0.0000,0.2363,0.4951,0.5156,0.4912,0.4980,
luke,0.2666,0.2598,0.2363,0.0000,0.4932,0.5000,0.5186,0.5059,
fish,0.4824,0.4834,0.4951,0.4932,0.0000,0.4834,0.5078,0.5088,
bread,0.5010,0.5039,0.5156,0.5000,0.4834,0.0000,0.5186,0.4844,
hunger,0.5059,0.5029,0.4912,0.5186,0.5078,0.5186,0.0000,0.3838,
thirst,0.5049,0.5078,0.4980,0.5059,0.5088,0.4844,0.3838,0.0000,
