,s1,s2,s3,s4,s5,s6,
s1,0.0000,1.0059,0.6484,0.9707,1.0020,1.0078,
s2,1.0059,0.0000,1.0527,0.9883,0.9453,0.9785,
s3,0.6484,1.0527,0.0000,1.0293,1.0449,1.0547,
s4,0.9707,0.9883,1.0293,0.0000,0.4883,0.6191,
s5,1.0020,0.9453,1.0449,0.4883,0.0000,0.4746,
s6,1.0078,0.9785,1.0547,0.6191,0.4746,0.0000,
