,mark,john,paul,luke,fish,bread,hunger,thirst,
mark,0.0000,0.4414,0.4766,0.4980,1.0215,1.0273,1.0215,1.0195,
john,0.4414,0.0000,0.4258,0.5098,0.9863,0.9883,1.0020,1.0273,
paul,0.4766,0.4258,0.0000,0.4551,1.0137,1.0000,1.0137,1.0469,
luke,0.4980,0.5098,0.4551,0.0000,1.0391,0.9707,0.9805,1.0176,
fish,1.0215,0.9863,1.0137,1.0391,0.0000,0.9395,0.9883,1.0605,
bread,1.0273,0.9883,1.0000,0.9707,0.9395,0.0000,0.9629,0.9844,
hunger,1.0215,1.0020,1.0137,0.9805,0.9883,0.9629,0.0000,0.7129,
thirst,1.0195,1.0273,1.0469,1.0176,1.0605,0.9844,0.7129,0.0000,
