,mark,john,paul,luke,fish,bread,hunger,thirst,
mark,0.0000,0.4414,0.4766,0.4980,1.0215,1.0273,1.0098,1.0410,
john,0.4414,0.0000,0.4258,0.5098,0.9863,0.9883,1.0176,1.0293,
paul,0.4766,0.4258,0.0000,0.4551,1.0137,1.0000,1.0215,1.0332,
luke,0.4980,0.5098,0.4551,0.0000,1.0391,0.9707,1.0273,1.0273,
fish,1.0215,0.9863,1.0137,1.0391,0.0000,0.9395,0.9648,1.0352,
bread,1.0273,0.9883,1.0000,0.9707,0.9395,0.0000,0.9355,0.9355,
hunger,1.0098,1.0176,1.0215,1.0273,0.9648,0.9355,0.0000,0.7305,
thirst,1.0410,1.0293,1.0332,1.0273,1.0352,0.9355,0.7305,0.0000,
