,s1,s2,s3,s4,s5,s6,
s1,0.0000,0.4902,0.3174,0.4961,0.5205,0.4951,
s2,0.4902,0.0000,0.4639,0.5098,0.5322,0.5088,
s3,0.3174,0.4639,0.0000,0.4951,0.5000,0.4746,
s4,0.4961,0.5098,0.4951,0.0000,0.2334,0.3076,
s5,0.5205,0.5322,0.5000,0.2334,0.0000,0.2520,
s6,0.4951,0.5088,0.4746,0.3076,0.2520,0.0000,
