,mark,john,paul,luke,fish,bread,hunger,thirst,
mark,0.0000,0.2731,0.2632,0.2551,0.5005,0.4789,0.4941,0.5279,
john,0.2731,0.0000,0.2655,0.2732,0.4980,0.4924,0.4983,0.5155,
paul,0.2632,0.2655,0.0000,0.2659,0.5107,0.4798,0.4982,0.5237,
luke,0.2551,0.2732,0.2659,0.0000,0.4947,0.4922,0.4998,0.5186,
fish,0.5005,0.4980,0.5107,0.4947,0.0000,0.5084,0.5031,0.5271,
bread,0.4789,0.4924,0.4798,0.4922,0.5084,0.0000,0.4945,0.5109,
hunger,0.4941,0.4983,0.4982,0.4998,0.5031,0.4945,0.0000,0.3342,
thirst,0.5279,0.5155,0.5237,0.5186,0.5271,0.5109,0.3342,0.0000,
