,mark,john,paul,luke,fish,bread,hunger,thirst,
mark,0.0000,0.2568,0.2607,0.2666,0.4824,0.5010,0.5283,0.5107,
john,0.2568,0.0000,0.2461,0.2598,0.4834,0.5039,0.5117,0.4883,
paul,0.2607,0.2461,0.0000,0.2363,0.4951,0.5156,0.5195,0.4863,
luke,0.2666,0.2598,0.2363,0.0000,0.4932,0.5000,0.5410,0.4922,
fish,0.4824,0.4834,0.4951,0.4932,0.0000,0.4834,0.4990,0.5127,
bread,0.5010,0.5039,0.5156,0.5000,0.4834,0.0000,0.5117,0.4668,
hunger,0.5283,0.5117,0.5195,0.5410,0.4990,0.5117,0.0000,0.3867,
thirst,0.5107,0.4883,0.4863,0.4922,0.5127,0.4668,0.3867,0.0000,
