,s1,s2,s3,s4,s5,s6,
s1,0.0000,0.4854,0.3330,0.4912,0.4941,0.4941,
s2,0.4854,0.0000,0.4648,0.4883,0.5088,0.4932,
s3,0.3330,0.4648,0.0000,0.4824,0.5244,0.4971,
s4,0.4912,0.4883,0.4824,0.0000,0.2334,0.3076,
s5,0.4941,0.5088,0.5244,0.2334,0.0000,0.2520,
s6,0.4941,0.4932,0.4971,0.3076,0.2520,0.0000,
