,mark,john,paul,luke,fish,bread,hunger,thirst,
mark,0.0000,0.2568,0.2607,0.2666,0.4824,0.5010,0.4971,0.4893,
john,0.2568,0.0000,0.2461,0.2598,0.4834,0.5039,0.5020,0.4980,
paul,0.2607,0.2461,0.0000,0.2363,0.4951,0.5156,0.5156,0.4922,
luke,0.2666,0.2598,0.2363,0.0000,0.4932,0.5000,0.5059,0.5039,
fish,0.4824,0.4834,0.4951,0.4932,0.0000,0.4834,0.5107,0.5010,
bread,0.5010,0.5039,0.5156,0.5000,0.4834,0.0000,0.5215,0.4824,
hunger,0.4971,0.5020,0.5156,0.5059,0.5107,0.5215,0.0000,0.3516,
thirst,0.4893,0.4980,0.4922,0.5039,0.5010,0.4824,0.3516,0.0000,
