,mark,john,paul,luke,fish,bread,hunger,thirst,
mark,0.0000,0.3525,0.3310,0.3127,1.0430,0.9809,0.9832,0.9617,
john,0.3525,0.0000,0.3340,0.3325,1.0367,0.9924,1.0133,0.9900,
paul,0.3310,0.3340,0.0000,0.3184,1.0619,1.0326,1.0088,0.9868,
luke,0.3127,0.3325,0.3184,-0.0000,1.0445,1.0128,0.9790,0.9704,
fish,1.0430,1.0367,1.0619,1.0445,-0.0000,1.0655,0.9486,0.9346,
bread,0.9809,0.9924,1.0326,1.0128,1.0655,0.0000,1.0045,0.9932,
hunger,0.9832,1.0133,1.0088,0.9790,0.9486,1.0045,0.0000,0.4796,
thirst,0.9617,0.9900,0.9868,0.9704,0.9346,0.9932,0.4796,0.0000,
