,s1,s2,s3,s4,s5,s6,
s1,0.0000,1.0000,0.5410,0.9414,0.9492,0.9707,
s2,1.0000,0.0000,0.9512,0.9297,0.9609,0.9629,
s3,0.5410,0.9512,0.0000,0.9980,0.9941,0.9688,
s4,0.9414,0.9297,0.9980,0.0000,0.4883,0.6191,
s5,0.9492,0.9609,0.9941,0.4883,0.0000,0.4746,
s6,0.9707,0.9629,0.9688,0.6191,0.4746,0.0000,
