,s1,s2,s3,s4,s5,s6,
s1,0.0000,1.0484,0.3361,0.9738,0.9851,1.0380,
s2,1.0484,0.0000,1.0590,0.9997,0.9494,1.0517,
s3,0.3361,1.0590,-0.0000,0.9955,1.0016,0.9823,
s4,0.9738,0.9997,0.9955,-0.0000,0.3337,0.4711,
s5,0.9851,0.9494,1.0016,0.3337,-0.0000,0.7061,
s6,1.0380,1.0517,0.9823,0.4711,0.7061,-0.0000,
