,mark,john,paul,luke,fish,bread,hunger,thirst,
mark,0.0000,0.2568,0.2607,0.2666,0.4824,0.5010,0.5146,0.5186,
john,0.2568,0.0000,0.2461,0.2598,0.4834,0.5039,0.4863,0.4883,
paul,0.2607,0.2461,0.0000,0.2363,0.4951,0.5156,0.5156,0.4902,
luke,0.2666,0.2598,0.2363,0.0000,0.4932,0.5000,0.5039,0.4980,
fish,0.4824,0.4834,0.4951,0.4932,0.0000,0.4834,0.5068,0.5107,
bread,0.5010,0.5039,0.5156,0.5000,0.4834,0.0000,0.5078,0.4922,
hunger,0.5146,0.4863,0.5156,0.5039,0.5068,0.5078,0.0000,0.3828,
thirst,0.5186,0.4883,0.4902,0.4980,0.5107,0.4922,0.3828,0.0000,
