,s1,s2,s3,s4,s5,s6,
s1,0.0000,0.4932,0.3154,0.5078,0.5068,0.4893,
s2,0.4932,0.0000,0.4648,0.4990,0.5117,0.4844,
s3,0.3154,0.4648,0.0000,0.5029,0.4980,0.4883,
s4,0.5078,0.4990,0.5029,0.0000,0.2334,0.3076,
s5,0.5068,0.5117,0.4980,0.2334,0.0000,0.2520,
s6,0.4893,0.4844,0.4883,0.3076,0.2520,0.0000,
