,s1,s2,s3,s4,s5,s6,
s1,0.0000,0.4912,0.3369,0.5107,0.5059,0.4863,
s2,0.4912,0.0000,0.4785,0.5117,0.5166,0.5088,
s3,0.3369,0.4785,0.0000,0.5020,0.5107,0.4951,
s4,0.5107,0.5117,0.5020,0.0000,0.2334,0.3076,
s5,0.5059,0.5166,0.5107,0.2334,0.0000,0.2520,
s6,0.4863,0.5088,0.4951,0.3076,0.2520,0.0000,
