,mark,john,paul,luke,fish,bread,hunger,thirst,
mark,0.0000,0.2568,0.2607,0.2666,0.4824,0.5010,0.5039,0.4775,
john,0.2568,0.0000,0.2461,0.2598,0.4834,0.5039,0.4951,0.4844,
paul,0.2607,0.2461,0.0000,0.2363,0.4951,0.5156,0.5049,0.4922,
luke,0.2666,0.2598,0.2363,0.0000,0.4932,0.5000,0.5088,0.4746,
fish,0.4824,0.4834,0.4951,0.4932,0.0000,0.4834,0.5215,0.5127,
bread,0.5010,0.5039,0.5156,0.5000,0.4834,0.0000,0.5127,0.4785,
hunger,0.5039,0.4951,0.5049,0.5088,0.5215,0.5127,0.0000,0.3701,
thirst,0.4775,0.4844,0.4922,0.4746,0.5127,0.4785,0.3701,0.0000,
